{
 "cells": [
  {
   "cell_type": "code",
   "execution_count": 178,
   "id": "under-buddy",
   "metadata": {},
   "outputs": [],
   "source": [
    "import pandas as pd\n",
    "from plotnine import *\n",
    "import random\n",
    "import numpy as np\n",
    "import plotly.express as px\n",
    "import plotly.offline as py\n"
   ]
  },
  {
   "cell_type": "markdown",
   "id": "received-sarah",
   "metadata": {},
   "source": [
    "# Reading data"
   ]
  },
  {
   "cell_type": "code",
   "execution_count": 238,
   "id": "standard-guinea",
   "metadata": {
    "scrolled": true
   },
   "outputs": [
    {
     "data": {
      "text/html": [
       "<div>\n",
       "<style scoped>\n",
       "    .dataframe tbody tr th:only-of-type {\n",
       "        vertical-align: middle;\n",
       "    }\n",
       "\n",
       "    .dataframe tbody tr th {\n",
       "        vertical-align: top;\n",
       "    }\n",
       "\n",
       "    .dataframe thead th {\n",
       "        text-align: right;\n",
       "    }\n",
       "</style>\n",
       "<table border=\"1\" class=\"dataframe\">\n",
       "  <thead>\n",
       "    <tr style=\"text-align: right;\">\n",
       "      <th></th>\n",
       "      <th>Attrition</th>\n",
       "      <th>Age</th>\n",
       "      <th>BusinessTravel</th>\n",
       "      <th>DailyRate</th>\n",
       "      <th>Department</th>\n",
       "      <th>DistanceFromHome</th>\n",
       "      <th>Education</th>\n",
       "      <th>EducationField</th>\n",
       "      <th>EnvironmentSatisfaction</th>\n",
       "      <th>Gender</th>\n",
       "      <th>...</th>\n",
       "      <th>PerformanceRating</th>\n",
       "      <th>RelationshipSatisfaction</th>\n",
       "      <th>StockOptionLevel</th>\n",
       "      <th>TotalWorkingYears</th>\n",
       "      <th>TrainingTimesLastYear</th>\n",
       "      <th>WorkLifeBalance</th>\n",
       "      <th>YearsAtCompany</th>\n",
       "      <th>YearsInCurrentRole</th>\n",
       "      <th>YearsSinceLastPromotion</th>\n",
       "      <th>YearsWithCurrManager</th>\n",
       "    </tr>\n",
       "  </thead>\n",
       "  <tbody>\n",
       "    <tr>\n",
       "      <th>0</th>\n",
       "      <td>1</td>\n",
       "      <td>41</td>\n",
       "      <td>Travel_Rarely</td>\n",
       "      <td>1102</td>\n",
       "      <td>Sales</td>\n",
       "      <td>1</td>\n",
       "      <td>College</td>\n",
       "      <td>Life Sciences</td>\n",
       "      <td>Medium</td>\n",
       "      <td>Female</td>\n",
       "      <td>...</td>\n",
       "      <td>Excellent</td>\n",
       "      <td>Low</td>\n",
       "      <td>0</td>\n",
       "      <td>8</td>\n",
       "      <td>0</td>\n",
       "      <td>Bad</td>\n",
       "      <td>6</td>\n",
       "      <td>4</td>\n",
       "      <td>0</td>\n",
       "      <td>5</td>\n",
       "    </tr>\n",
       "    <tr>\n",
       "      <th>1</th>\n",
       "      <td>0</td>\n",
       "      <td>49</td>\n",
       "      <td>Travel_Frequently</td>\n",
       "      <td>279</td>\n",
       "      <td>Research &amp; Development</td>\n",
       "      <td>8</td>\n",
       "      <td>Below College</td>\n",
       "      <td>Life Sciences</td>\n",
       "      <td>High</td>\n",
       "      <td>Male</td>\n",
       "      <td>...</td>\n",
       "      <td>Outstanding</td>\n",
       "      <td>Very High</td>\n",
       "      <td>1</td>\n",
       "      <td>10</td>\n",
       "      <td>3</td>\n",
       "      <td>Better</td>\n",
       "      <td>10</td>\n",
       "      <td>7</td>\n",
       "      <td>1</td>\n",
       "      <td>7</td>\n",
       "    </tr>\n",
       "    <tr>\n",
       "      <th>2</th>\n",
       "      <td>1</td>\n",
       "      <td>37</td>\n",
       "      <td>Travel_Rarely</td>\n",
       "      <td>1373</td>\n",
       "      <td>Research &amp; Development</td>\n",
       "      <td>2</td>\n",
       "      <td>College</td>\n",
       "      <td>Other</td>\n",
       "      <td>Very High</td>\n",
       "      <td>Male</td>\n",
       "      <td>...</td>\n",
       "      <td>Excellent</td>\n",
       "      <td>Medium</td>\n",
       "      <td>0</td>\n",
       "      <td>7</td>\n",
       "      <td>3</td>\n",
       "      <td>Better</td>\n",
       "      <td>0</td>\n",
       "      <td>0</td>\n",
       "      <td>0</td>\n",
       "      <td>0</td>\n",
       "    </tr>\n",
       "    <tr>\n",
       "      <th>3</th>\n",
       "      <td>0</td>\n",
       "      <td>33</td>\n",
       "      <td>Travel_Frequently</td>\n",
       "      <td>1392</td>\n",
       "      <td>Research &amp; Development</td>\n",
       "      <td>3</td>\n",
       "      <td>Master</td>\n",
       "      <td>Life Sciences</td>\n",
       "      <td>Very High</td>\n",
       "      <td>Female</td>\n",
       "      <td>...</td>\n",
       "      <td>Excellent</td>\n",
       "      <td>High</td>\n",
       "      <td>0</td>\n",
       "      <td>8</td>\n",
       "      <td>3</td>\n",
       "      <td>Better</td>\n",
       "      <td>8</td>\n",
       "      <td>7</td>\n",
       "      <td>3</td>\n",
       "      <td>0</td>\n",
       "    </tr>\n",
       "    <tr>\n",
       "      <th>4</th>\n",
       "      <td>0</td>\n",
       "      <td>27</td>\n",
       "      <td>Travel_Rarely</td>\n",
       "      <td>591</td>\n",
       "      <td>Research &amp; Development</td>\n",
       "      <td>2</td>\n",
       "      <td>Below College</td>\n",
       "      <td>Medical</td>\n",
       "      <td>Low</td>\n",
       "      <td>Male</td>\n",
       "      <td>...</td>\n",
       "      <td>Excellent</td>\n",
       "      <td>Very High</td>\n",
       "      <td>1</td>\n",
       "      <td>6</td>\n",
       "      <td>3</td>\n",
       "      <td>Better</td>\n",
       "      <td>2</td>\n",
       "      <td>2</td>\n",
       "      <td>2</td>\n",
       "      <td>2</td>\n",
       "    </tr>\n",
       "  </tbody>\n",
       "</table>\n",
       "<p>5 rows × 31 columns</p>\n",
       "</div>"
      ],
      "text/plain": [
       "   Attrition  Age     BusinessTravel  DailyRate              Department  \\\n",
       "0          1   41      Travel_Rarely       1102                   Sales   \n",
       "1          0   49  Travel_Frequently        279  Research & Development   \n",
       "2          1   37      Travel_Rarely       1373  Research & Development   \n",
       "3          0   33  Travel_Frequently       1392  Research & Development   \n",
       "4          0   27      Travel_Rarely        591  Research & Development   \n",
       "\n",
       "   DistanceFromHome      Education EducationField EnvironmentSatisfaction  \\\n",
       "0                 1        College  Life Sciences                  Medium   \n",
       "1                 8  Below College  Life Sciences                    High   \n",
       "2                 2        College          Other               Very High   \n",
       "3                 3         Master  Life Sciences               Very High   \n",
       "4                 2  Below College        Medical                     Low   \n",
       "\n",
       "   Gender  ...  PerformanceRating RelationshipSatisfaction  StockOptionLevel  \\\n",
       "0  Female  ...          Excellent                      Low                 0   \n",
       "1    Male  ...        Outstanding                Very High                 1   \n",
       "2    Male  ...          Excellent                   Medium                 0   \n",
       "3  Female  ...          Excellent                     High                 0   \n",
       "4    Male  ...          Excellent                Very High                 1   \n",
       "\n",
       "  TotalWorkingYears TrainingTimesLastYear WorkLifeBalance  YearsAtCompany  \\\n",
       "0                 8                     0             Bad               6   \n",
       "1                10                     3          Better              10   \n",
       "2                 7                     3          Better               0   \n",
       "3                 8                     3          Better               8   \n",
       "4                 6                     3          Better               2   \n",
       "\n",
       "   YearsInCurrentRole  YearsSinceLastPromotion YearsWithCurrManager  \n",
       "0                   4                        0                    5  \n",
       "1                   7                        1                    7  \n",
       "2                   0                        0                    0  \n",
       "3                   7                        3                    0  \n",
       "4                   2                        2                    2  \n",
       "\n",
       "[5 rows x 31 columns]"
      ]
     },
     "execution_count": 238,
     "metadata": {},
     "output_type": "execute_result"
    }
   ],
   "source": [
    "df = pd.read_csv('data/preprocessed_data.csv')\n",
    "cols = df.columns.tolist()\n",
    "cols = cols[-1:] + cols[:-1]\n",
    "df = df[cols]\n",
    "df['Attrition'] = df['Attrition'].apply(lambda x: 0 if x == 'No' else 1)\n",
    "df.head()"
   ]
  },
  {
   "cell_type": "markdown",
   "id": "convertible-squad",
   "metadata": {},
   "source": [
    "# Heatmap"
   ]
  },
  {
   "cell_type": "code",
   "execution_count": 239,
   "id": "civic-motivation",
   "metadata": {},
   "outputs": [
    {
     "data": {
      "application/vnd.plotly.v1+json": {
       "config": {
        "linkText": "Export to plot.ly",
        "plotlyServerURL": "https://plot.ly",
        "showLink": false
       },
       "data": [
        {
         "colorscale": [
          [
           0,
           "#440154"
          ],
          [
           0.1111111111111111,
           "#482878"
          ],
          [
           0.2222222222222222,
           "#3e4989"
          ],
          [
           0.3333333333333333,
           "#31688e"
          ],
          [
           0.4444444444444444,
           "#26828e"
          ],
          [
           0.5555555555555556,
           "#1f9e89"
          ],
          [
           0.6666666666666666,
           "#35b779"
          ],
          [
           0.7777777777777778,
           "#6ece58"
          ],
          [
           0.8888888888888888,
           "#b5de2b"
          ],
          [
           1,
           "#fde725"
          ]
         ],
         "opacity": 1,
         "reversescale": false,
         "type": "heatmap",
         "x": [
          "Age",
          "DailyRate",
          "DistanceFromHome",
          "HourlyRate",
          "JobLevel",
          "MonthlyIncome",
          "MonthlyRate",
          "NumCompaniesWorked",
          "PercentSalaryHike",
          "StockOptionLevel",
          "TotalWorkingYears",
          "TrainingTimesLastYear",
          "YearsAtCompany",
          "YearsInCurrentRole",
          "YearsSinceLastPromotion",
          "YearsWithCurrManager",
          "Attrition"
         ],
         "y": [
          "Age",
          "DailyRate",
          "DistanceFromHome",
          "HourlyRate",
          "JobLevel",
          "MonthlyIncome",
          "MonthlyRate",
          "NumCompaniesWorked",
          "PercentSalaryHike",
          "StockOptionLevel",
          "TotalWorkingYears",
          "TrainingTimesLastYear",
          "YearsAtCompany",
          "YearsInCurrentRole",
          "YearsSinceLastPromotion",
          "YearsWithCurrManager",
          "Attrition"
         ],
         "z": [
          [
           1,
           0.010660942645538433,
           -0.00168612014808715,
           0.024286542550967197,
           0.5096042284323842,
           0.4978545669265801,
           0.02805116713392273,
           0.2996347579836926,
           0.0036335849148618872,
           0.037509712424777526,
           0.6803805357911985,
           -0.01962081894269849,
           0.3113087697450989,
           0.21290105556556793,
           0.2165133678516537,
           0.20208860237515264,
           -0.15920500686577962
          ],
          [
           0.010660942645538433,
           1,
           -0.00498533735255263,
           0.023381421528320526,
           0.0029663348551116197,
           0.007707058872006053,
           -0.03218160152258194,
           0.0381534342794098,
           0.022703677496334968,
           0.04214279637720667,
           0.014514738706320902,
           0.002452542712083144,
           -0.03405476756854742,
           0.009932014960094215,
           -0.033228984787772024,
           -0.026363178228837676,
           -0.05665199186762936
          ],
          [
           -0.00168612014808715,
           -0.00498533735255263,
           1,
           0.03113058561176572,
           0.005302730554496216,
           -0.017014444745275862,
           0.02747286354888413,
           -0.029250804197293017,
           0.040235377459193075,
           0.04487199885318152,
           0.004628425863783857,
           -0.036942234339915794,
           0.009507719899011289,
           0.018844999108945746,
           0.010028835943115395,
           0.014406048430630005,
           0.07792358295570367
          ],
          [
           0.024286542550967197,
           0.023381421528320526,
           0.03113058561176572,
           1,
           -0.027853486405547218,
           -0.015794304380892982,
           -0.015296749550649661,
           0.02215688339019683,
           -0.00906198625374016,
           0.050263399065119486,
           -0.002333681823322269,
           -0.008547685209270649,
           -0.019581616209121275,
           -0.02410622020878498,
           -0.02671558606433524,
           -0.020123200184066006,
           -0.006845549572139936
          ],
          [
           0.5096042284323842,
           0.0029663348551116197,
           0.005302730554496216,
           -0.027853486405547218,
           1,
           0.9502999134798473,
           0.03956295104568388,
           0.1425011238104873,
           -0.03473049227941817,
           0.013983910528615457,
           0.7822078045362748,
           -0.018190550193549416,
           0.5347386873756308,
           0.3894467328766705,
           0.3538853469641021,
           0.37528060776572636,
           -0.16910475093102761
          ],
          [
           0.4978545669265801,
           0.007707058872006053,
           -0.017014444745275862,
           -0.015794304380892982,
           0.9502999134798473,
           1,
           0.034813626134121846,
           0.14951521598969805,
           -0.02726858644031447,
           0.005407676696812238,
           0.7728932462543574,
           -0.02173627682389331,
           0.5142848257331957,
           0.3638176669287084,
           0.3449776381654271,
           0.34407888325872127,
           -0.15983958238498852
          ],
          [
           0.02805116713392273,
           -0.03218160152258194,
           0.02747286354888413,
           -0.015296749550649661,
           0.03956295104568388,
           0.034813626134121846,
           1,
           0.017521353415571563,
           -0.006429345946711407,
           -0.034322830206660805,
           0.026442471176015385,
           0.0014668806322858448,
           -0.023655106706177275,
           -0.012814874370471728,
           0.001566799514676175,
           -0.036745905336769386,
           0.015170212530471466
          ],
          [
           0.2996347579836926,
           0.0381534342794098,
           -0.029250804197293017,
           0.02215688339019683,
           0.1425011238104873,
           0.14951521598969805,
           0.017521353415571563,
           1,
           -0.010238309359925521,
           0.030075475096897484,
           0.23763858978479552,
           -0.06605407172783646,
           -0.11842134024259104,
           -0.0907539337008081,
           -0.03681389238350808,
           -0.11031915543773241,
           0.04349373905781365
          ],
          [
           0.0036335849148618872,
           0.022703677496334968,
           0.040235377459193075,
           -0.00906198625374016,
           -0.03473049227941817,
           -0.02726858644031447,
           -0.006429345946711407,
           -0.010238309359925521,
           1,
           0.0075277478205202026,
           -0.020608487617691264,
           -0.005221012351721004,
           -0.03599126243195373,
           -0.0015200265442777774,
           -0.022154312598866126,
           -0.01198524847236139,
           -0.01347820205743911
          ],
          [
           0.037509712424777526,
           0.04214279637720667,
           0.04487199885318152,
           0.050263399065119486,
           0.013983910528615457,
           0.005407676696812238,
           -0.034322830206660805,
           0.030075475096897484,
           0.0075277478205202026,
           1,
           0.010135969318901629,
           0.011274069611249207,
           0.015058008028094509,
           0.050817872753931646,
           0.01435218486435548,
           0.02469822656303012,
           -0.1371449189333256
          ],
          [
           0.6803805357911985,
           0.014514738706320902,
           0.004628425863783857,
           -0.002333681823322269,
           0.7822078045362748,
           0.7728932462543574,
           0.026442471176015385,
           0.23763858978479552,
           -0.020608487617691264,
           0.010135969318901629,
           1,
           -0.03566157127961907,
           0.6281331552682468,
           0.46036463801180993,
           0.4048577585025587,
           0.45918839708314385,
           -0.17106324613622612
          ],
          [
           -0.01962081894269849,
           0.002452542712083144,
           -0.036942234339915794,
           -0.008547685209270649,
           -0.018190550193549416,
           -0.02173627682389331,
           0.0014668806322858448,
           -0.06605407172783646,
           -0.005221012351721004,
           0.011274069611249207,
           -0.03566157127961907,
           1,
           0.003568665678427449,
           -0.0057375043379568925,
           -0.0020665360380059438,
           -0.004095526021226202,
           -0.05947779855642055
          ],
          [
           0.3113087697450989,
           -0.03405476756854742,
           0.009507719899011289,
           -0.019581616209121275,
           0.5347386873756308,
           0.5142848257331957,
           -0.023655106706177275,
           -0.11842134024259104,
           -0.03599126243195373,
           0.015058008028094509,
           0.6281331552682468,
           0.003568665678427449,
           1,
           0.7587537366134619,
           0.6184088652176047,
           0.7692124251007031,
           -0.13439221398997708
          ],
          [
           0.21290105556556793,
           0.009932014960094215,
           0.018844999108945746,
           -0.02410622020878498,
           0.3894467328766705,
           0.3638176669287084,
           -0.012814874370471728,
           -0.0907539337008081,
           -0.0015200265442777774,
           0.050817872753931646,
           0.46036463801180993,
           -0.0057375043379568925,
           0.7587537366134619,
           1,
           0.5480562476995187,
           0.7143647616385931,
           -0.1605450042677008
          ],
          [
           0.2165133678516537,
           -0.033228984787772024,
           0.010028835943115395,
           -0.02671558606433524,
           0.3538853469641021,
           0.3449776381654271,
           0.001566799514676175,
           -0.03681389238350808,
           -0.022154312598866126,
           0.01435218486435548,
           0.4048577585025587,
           -0.0020665360380059438,
           0.6184088652176047,
           0.5480562476995187,
           1,
           0.5102236357788085,
           -0.03301877514258431
          ],
          [
           0.20208860237515264,
           -0.026363178228837676,
           0.014406048430630005,
           -0.020123200184066006,
           0.37528060776572636,
           0.34407888325872127,
           -0.036745905336769386,
           -0.11031915543773241,
           -0.01198524847236139,
           0.02469822656303012,
           0.45918839708314385,
           -0.004095526021226202,
           0.7692124251007031,
           0.7143647616385931,
           0.5102236357788085,
           1,
           -0.15619931590162878
          ],
          [
           -0.15920500686577962,
           -0.05665199186762936,
           0.07792358295570367,
           -0.006845549572139936,
           -0.16910475093102761,
           -0.15983958238498852,
           0.015170212530471466,
           0.04349373905781365,
           -0.01347820205743911,
           -0.1371449189333256,
           -0.17106324613622612,
           -0.05947779855642055,
           -0.13439221398997708,
           -0.1605450042677008,
           -0.03301877514258431,
           -0.15619931590162878,
           1
          ]
         ]
        }
       ],
       "layout": {
        "height": 700,
        "template": {
         "data": {
          "bar": [
           {
            "error_x": {
             "color": "#2a3f5f"
            },
            "error_y": {
             "color": "#2a3f5f"
            },
            "marker": {
             "line": {
              "color": "#E5ECF6",
              "width": 0.5
             }
            },
            "type": "bar"
           }
          ],
          "barpolar": [
           {
            "marker": {
             "line": {
              "color": "#E5ECF6",
              "width": 0.5
             }
            },
            "type": "barpolar"
           }
          ],
          "carpet": [
           {
            "aaxis": {
             "endlinecolor": "#2a3f5f",
             "gridcolor": "white",
             "linecolor": "white",
             "minorgridcolor": "white",
             "startlinecolor": "#2a3f5f"
            },
            "baxis": {
             "endlinecolor": "#2a3f5f",
             "gridcolor": "white",
             "linecolor": "white",
             "minorgridcolor": "white",
             "startlinecolor": "#2a3f5f"
            },
            "type": "carpet"
           }
          ],
          "choropleth": [
           {
            "colorbar": {
             "outlinewidth": 0,
             "ticks": ""
            },
            "type": "choropleth"
           }
          ],
          "contour": [
           {
            "colorbar": {
             "outlinewidth": 0,
             "ticks": ""
            },
            "colorscale": [
             [
              0,
              "#0d0887"
             ],
             [
              0.1111111111111111,
              "#46039f"
             ],
             [
              0.2222222222222222,
              "#7201a8"
             ],
             [
              0.3333333333333333,
              "#9c179e"
             ],
             [
              0.4444444444444444,
              "#bd3786"
             ],
             [
              0.5555555555555556,
              "#d8576b"
             ],
             [
              0.6666666666666666,
              "#ed7953"
             ],
             [
              0.7777777777777778,
              "#fb9f3a"
             ],
             [
              0.8888888888888888,
              "#fdca26"
             ],
             [
              1,
              "#f0f921"
             ]
            ],
            "type": "contour"
           }
          ],
          "contourcarpet": [
           {
            "colorbar": {
             "outlinewidth": 0,
             "ticks": ""
            },
            "type": "contourcarpet"
           }
          ],
          "heatmap": [
           {
            "colorbar": {
             "outlinewidth": 0,
             "ticks": ""
            },
            "colorscale": [
             [
              0,
              "#0d0887"
             ],
             [
              0.1111111111111111,
              "#46039f"
             ],
             [
              0.2222222222222222,
              "#7201a8"
             ],
             [
              0.3333333333333333,
              "#9c179e"
             ],
             [
              0.4444444444444444,
              "#bd3786"
             ],
             [
              0.5555555555555556,
              "#d8576b"
             ],
             [
              0.6666666666666666,
              "#ed7953"
             ],
             [
              0.7777777777777778,
              "#fb9f3a"
             ],
             [
              0.8888888888888888,
              "#fdca26"
             ],
             [
              1,
              "#f0f921"
             ]
            ],
            "type": "heatmap"
           }
          ],
          "heatmapgl": [
           {
            "colorbar": {
             "outlinewidth": 0,
             "ticks": ""
            },
            "colorscale": [
             [
              0,
              "#0d0887"
             ],
             [
              0.1111111111111111,
              "#46039f"
             ],
             [
              0.2222222222222222,
              "#7201a8"
             ],
             [
              0.3333333333333333,
              "#9c179e"
             ],
             [
              0.4444444444444444,
              "#bd3786"
             ],
             [
              0.5555555555555556,
              "#d8576b"
             ],
             [
              0.6666666666666666,
              "#ed7953"
             ],
             [
              0.7777777777777778,
              "#fb9f3a"
             ],
             [
              0.8888888888888888,
              "#fdca26"
             ],
             [
              1,
              "#f0f921"
             ]
            ],
            "type": "heatmapgl"
           }
          ],
          "histogram": [
           {
            "marker": {
             "colorbar": {
              "outlinewidth": 0,
              "ticks": ""
             }
            },
            "type": "histogram"
           }
          ],
          "histogram2d": [
           {
            "colorbar": {
             "outlinewidth": 0,
             "ticks": ""
            },
            "colorscale": [
             [
              0,
              "#0d0887"
             ],
             [
              0.1111111111111111,
              "#46039f"
             ],
             [
              0.2222222222222222,
              "#7201a8"
             ],
             [
              0.3333333333333333,
              "#9c179e"
             ],
             [
              0.4444444444444444,
              "#bd3786"
             ],
             [
              0.5555555555555556,
              "#d8576b"
             ],
             [
              0.6666666666666666,
              "#ed7953"
             ],
             [
              0.7777777777777778,
              "#fb9f3a"
             ],
             [
              0.8888888888888888,
              "#fdca26"
             ],
             [
              1,
              "#f0f921"
             ]
            ],
            "type": "histogram2d"
           }
          ],
          "histogram2dcontour": [
           {
            "colorbar": {
             "outlinewidth": 0,
             "ticks": ""
            },
            "colorscale": [
             [
              0,
              "#0d0887"
             ],
             [
              0.1111111111111111,
              "#46039f"
             ],
             [
              0.2222222222222222,
              "#7201a8"
             ],
             [
              0.3333333333333333,
              "#9c179e"
             ],
             [
              0.4444444444444444,
              "#bd3786"
             ],
             [
              0.5555555555555556,
              "#d8576b"
             ],
             [
              0.6666666666666666,
              "#ed7953"
             ],
             [
              0.7777777777777778,
              "#fb9f3a"
             ],
             [
              0.8888888888888888,
              "#fdca26"
             ],
             [
              1,
              "#f0f921"
             ]
            ],
            "type": "histogram2dcontour"
           }
          ],
          "mesh3d": [
           {
            "colorbar": {
             "outlinewidth": 0,
             "ticks": ""
            },
            "type": "mesh3d"
           }
          ],
          "parcoords": [
           {
            "line": {
             "colorbar": {
              "outlinewidth": 0,
              "ticks": ""
             }
            },
            "type": "parcoords"
           }
          ],
          "pie": [
           {
            "automargin": true,
            "type": "pie"
           }
          ],
          "scatter": [
           {
            "marker": {
             "colorbar": {
              "outlinewidth": 0,
              "ticks": ""
             }
            },
            "type": "scatter"
           }
          ],
          "scatter3d": [
           {
            "line": {
             "colorbar": {
              "outlinewidth": 0,
              "ticks": ""
             }
            },
            "marker": {
             "colorbar": {
              "outlinewidth": 0,
              "ticks": ""
             }
            },
            "type": "scatter3d"
           }
          ],
          "scattercarpet": [
           {
            "marker": {
             "colorbar": {
              "outlinewidth": 0,
              "ticks": ""
             }
            },
            "type": "scattercarpet"
           }
          ],
          "scattergeo": [
           {
            "marker": {
             "colorbar": {
              "outlinewidth": 0,
              "ticks": ""
             }
            },
            "type": "scattergeo"
           }
          ],
          "scattergl": [
           {
            "marker": {
             "colorbar": {
              "outlinewidth": 0,
              "ticks": ""
             }
            },
            "type": "scattergl"
           }
          ],
          "scattermapbox": [
           {
            "marker": {
             "colorbar": {
              "outlinewidth": 0,
              "ticks": ""
             }
            },
            "type": "scattermapbox"
           }
          ],
          "scatterpolar": [
           {
            "marker": {
             "colorbar": {
              "outlinewidth": 0,
              "ticks": ""
             }
            },
            "type": "scatterpolar"
           }
          ],
          "scatterpolargl": [
           {
            "marker": {
             "colorbar": {
              "outlinewidth": 0,
              "ticks": ""
             }
            },
            "type": "scatterpolargl"
           }
          ],
          "scatterternary": [
           {
            "marker": {
             "colorbar": {
              "outlinewidth": 0,
              "ticks": ""
             }
            },
            "type": "scatterternary"
           }
          ],
          "surface": [
           {
            "colorbar": {
             "outlinewidth": 0,
             "ticks": ""
            },
            "colorscale": [
             [
              0,
              "#0d0887"
             ],
             [
              0.1111111111111111,
              "#46039f"
             ],
             [
              0.2222222222222222,
              "#7201a8"
             ],
             [
              0.3333333333333333,
              "#9c179e"
             ],
             [
              0.4444444444444444,
              "#bd3786"
             ],
             [
              0.5555555555555556,
              "#d8576b"
             ],
             [
              0.6666666666666666,
              "#ed7953"
             ],
             [
              0.7777777777777778,
              "#fb9f3a"
             ],
             [
              0.8888888888888888,
              "#fdca26"
             ],
             [
              1,
              "#f0f921"
             ]
            ],
            "type": "surface"
           }
          ],
          "table": [
           {
            "cells": {
             "fill": {
              "color": "#EBF0F8"
             },
             "line": {
              "color": "white"
             }
            },
            "header": {
             "fill": {
              "color": "#C8D4E3"
             },
             "line": {
              "color": "white"
             }
            },
            "type": "table"
           }
          ]
         },
         "layout": {
          "annotationdefaults": {
           "arrowcolor": "#2a3f5f",
           "arrowhead": 0,
           "arrowwidth": 1
          },
          "autotypenumbers": "strict",
          "coloraxis": {
           "colorbar": {
            "outlinewidth": 0,
            "ticks": ""
           }
          },
          "colorscale": {
           "diverging": [
            [
             0,
             "#8e0152"
            ],
            [
             0.1,
             "#c51b7d"
            ],
            [
             0.2,
             "#de77ae"
            ],
            [
             0.3,
             "#f1b6da"
            ],
            [
             0.4,
             "#fde0ef"
            ],
            [
             0.5,
             "#f7f7f7"
            ],
            [
             0.6,
             "#e6f5d0"
            ],
            [
             0.7,
             "#b8e186"
            ],
            [
             0.8,
             "#7fbc41"
            ],
            [
             0.9,
             "#4d9221"
            ],
            [
             1,
             "#276419"
            ]
           ],
           "sequential": [
            [
             0,
             "#0d0887"
            ],
            [
             0.1111111111111111,
             "#46039f"
            ],
            [
             0.2222222222222222,
             "#7201a8"
            ],
            [
             0.3333333333333333,
             "#9c179e"
            ],
            [
             0.4444444444444444,
             "#bd3786"
            ],
            [
             0.5555555555555556,
             "#d8576b"
            ],
            [
             0.6666666666666666,
             "#ed7953"
            ],
            [
             0.7777777777777778,
             "#fb9f3a"
            ],
            [
             0.8888888888888888,
             "#fdca26"
            ],
            [
             1,
             "#f0f921"
            ]
           ],
           "sequentialminus": [
            [
             0,
             "#0d0887"
            ],
            [
             0.1111111111111111,
             "#46039f"
            ],
            [
             0.2222222222222222,
             "#7201a8"
            ],
            [
             0.3333333333333333,
             "#9c179e"
            ],
            [
             0.4444444444444444,
             "#bd3786"
            ],
            [
             0.5555555555555556,
             "#d8576b"
            ],
            [
             0.6666666666666666,
             "#ed7953"
            ],
            [
             0.7777777777777778,
             "#fb9f3a"
            ],
            [
             0.8888888888888888,
             "#fdca26"
            ],
            [
             1,
             "#f0f921"
            ]
           ]
          },
          "colorway": [
           "#636efa",
           "#EF553B",
           "#00cc96",
           "#ab63fa",
           "#FFA15A",
           "#19d3f3",
           "#FF6692",
           "#B6E880",
           "#FF97FF",
           "#FECB52"
          ],
          "font": {
           "color": "#2a3f5f"
          },
          "geo": {
           "bgcolor": "white",
           "lakecolor": "white",
           "landcolor": "#E5ECF6",
           "showlakes": true,
           "showland": true,
           "subunitcolor": "white"
          },
          "hoverlabel": {
           "align": "left"
          },
          "hovermode": "closest",
          "mapbox": {
           "style": "light"
          },
          "paper_bgcolor": "white",
          "plot_bgcolor": "#E5ECF6",
          "polar": {
           "angularaxis": {
            "gridcolor": "white",
            "linecolor": "white",
            "ticks": ""
           },
           "bgcolor": "#E5ECF6",
           "radialaxis": {
            "gridcolor": "white",
            "linecolor": "white",
            "ticks": ""
           }
          },
          "scene": {
           "xaxis": {
            "backgroundcolor": "#E5ECF6",
            "gridcolor": "white",
            "gridwidth": 2,
            "linecolor": "white",
            "showbackground": true,
            "ticks": "",
            "zerolinecolor": "white"
           },
           "yaxis": {
            "backgroundcolor": "#E5ECF6",
            "gridcolor": "white",
            "gridwidth": 2,
            "linecolor": "white",
            "showbackground": true,
            "ticks": "",
            "zerolinecolor": "white"
           },
           "zaxis": {
            "backgroundcolor": "#E5ECF6",
            "gridcolor": "white",
            "gridwidth": 2,
            "linecolor": "white",
            "showbackground": true,
            "ticks": "",
            "zerolinecolor": "white"
           }
          },
          "shapedefaults": {
           "line": {
            "color": "#2a3f5f"
           }
          },
          "ternary": {
           "aaxis": {
            "gridcolor": "white",
            "linecolor": "white",
            "ticks": ""
           },
           "baxis": {
            "gridcolor": "white",
            "linecolor": "white",
            "ticks": ""
           },
           "bgcolor": "#E5ECF6",
           "caxis": {
            "gridcolor": "white",
            "linecolor": "white",
            "ticks": ""
           }
          },
          "title": {
           "x": 0.05
          },
          "xaxis": {
           "automargin": true,
           "gridcolor": "white",
           "linecolor": "white",
           "ticks": "",
           "title": {
            "standoff": 15
           },
           "zerolinecolor": "white",
           "zerolinewidth": 2
          },
          "yaxis": {
           "automargin": true,
           "gridcolor": "white",
           "linecolor": "white",
           "ticks": "",
           "title": {
            "standoff": 15
           },
           "zerolinecolor": "white",
           "zerolinewidth": 2
          }
         }
        },
        "title": {
         "text": "Pearson Correlation of numerical features"
        },
        "width": 900,
        "xaxis": {
         "nticks": 36,
         "ticks": ""
        },
        "yaxis": {
         "ticks": ""
        }
       }
      },
      "text/html": [
